[[0.9        0.91730769 0.95       0.94038462 0.729      0.66871731
  0.7695     0.76171154 0.59049    0.54166102 0.623295   0.61698635
  0.94038462 0.95       0.91730769 0.9        0.94038462 0.95
  0.91730769 0.9        0.94038462 0.95       0.91730769 0.9       ]
 [0.82557692 0.93461538 0.96730769 0.95769231 0.74301923 0.75703846
  0.78351923 0.95769231 0.60184558 0.61320115 0.63465058 0.77573077
  0.95769231 0.96730769 0.93461538 0.91730769 0.95769231 0.96730769
  0.93461538 0.91730769 0.95769231 0.96730769 0.93461538 0.91730769]
 [0.855      0.87057692 1.         0.99038462 0.855      0.78351923
  0.81       0.89134615 0.69255    0.63465058 0.6561     0.72199038
  0.99038462 1.         0.96730769 0.95       0.99038462 1.
  0.96730769 0.95       0.99038462 1.         0.96730769 0.95      ]
 [0.84634615 0.86192308 0.89134615 0.98076923 0.76171154 0.69815769
  0.64979135 0.79442308 0.61698635 0.56550773 0.52633099 0.64348269
  0.98076923 0.99038462 0.95769231 0.94038462 0.98076923 0.99038462
  0.95769231 0.94038462 0.98076923 0.99038462 0.95769231 0.94038462]
 [0.729      0.82557692 0.95       0.84634615 0.9        0.91730769
  0.95       0.94038462 0.729      0.66871731 0.7695     0.76171154
  0.94038462 0.95       0.91730769 0.9        0.94038462 0.95
  0.91730769 0.9        0.94038462 0.95       0.91730769 0.9       ]
 [0.60184558 0.75703846 0.87057692 0.77573077 0.82557692 0.93461538
  0.96730769 0.95769231 0.74301923 0.75703846 0.78351923 0.95769231
  0.95769231 0.96730769 0.93461538 0.91730769 0.95769231 0.96730769
  0.93461538 0.91730769 0.95769231 0.96730769 0.93461538 0.91730769]
 [0.69255    0.70516731 0.81       0.72199038 0.855      0.87057692
  1.         0.99038462 0.855      0.78351923 0.81       0.89134615
  0.99038462 1.         0.96730769 0.95       0.99038462 1.
  0.96730769 0.95       0.99038462 1.         0.96730769 0.95      ]
 [0.68554038 0.86192308 0.80221154 0.79442308 0.84634615 0.86192308
  0.89134615 0.98076923 0.76171154 0.69815769 0.64979135 0.79442308
  0.98076923 0.99038462 0.95769231 0.94038462 0.98076923 0.99038462
  0.95769231 0.94038462 0.98076923 0.99038462 0.95769231 0.94038462]
 [0.59049    0.66871731 0.7695     0.68554038 0.729      0.82557692
  0.95       0.84634615 0.9        0.91730769 0.95       0.94038462
  0.94038462 0.95       0.91730769 0.9        0.94038462 0.95
  0.91730769 0.9        0.94038462 0.95       0.91730769 0.9       ]
 [0.48749492 0.61320115 0.70516731 0.62834192 0.60184558 0.75703846
  0.87057692 0.77573077 0.82557692 0.93461538 0.96730769 0.95769231
  0.95769231 0.96730769 0.93461538 0.91730769 0.95769231 0.96730769
  0.93461538 0.91730769 0.95769231 0.96730769 0.93461538 0.91730769]
 [0.5609655  0.57118552 0.6561     0.58481221 0.69255    0.70516731
  0.81       0.72199038 0.855      0.87057692 1.         0.99038462
  0.99038462 1.         0.96730769 0.95       0.99038462 1.
  0.96730769 0.95       0.99038462 1.         0.96730769 0.95      ]
 [0.55528771 0.69815769 0.64979135 0.64348269 0.68554038 0.86192308
  0.80221154 0.79442308 0.84634615 0.86192308 0.89134615 0.98076923
  0.98076923 0.99038462 0.95769231 0.94038462 0.98076923 0.99038462
  0.95769231 0.94038462 0.98076923 0.99038462 0.95769231 0.94038462]
 [0.94038462 0.95769231 0.99038462 0.98076923 0.94038462 0.95769231
  0.99038462 0.98076923 0.94038462 0.95769231 0.99038462 0.98076923
  0.98076923 0.89134615 0.86192308 0.84634615 0.79442308 0.64979135
  0.69815769 0.76171154 0.64348269 0.52633099 0.56550773 0.61698635]
 [0.95       0.96730769 1.         0.99038462 0.95       0.96730769
  1.         0.99038462 0.95       0.96730769 1.         0.99038462
  0.99038462 1.         0.87057692 0.855      0.89134615 0.81
  0.78351923 0.855      0.72199038 0.6561     0.63465058 0.69255   ]
 [0.91730769 0.93461538 0.96730769 0.95769231 0.91730769 0.93461538
  0.96730769 0.95769231 0.91730769 0.93461538 0.96730769 0.95769231
  0.95769231 0.96730769 0.93461538 0.82557692 0.95769231 0.78351923
  0.75703846 0.74301923 0.77573077 0.63465058 0.61320115 0.60184558]
 [0.9        0.91730769 0.95       0.94038462 0.9        0.91730769
  0.95       0.94038462 0.9        0.91730769 0.95       0.94038462
  0.94038462 0.95       0.91730769 0.9        0.76171154 0.7695
  0.66871731 0.729      0.61698635 0.623295   0.54166102 0.59049   ]
 [0.94038462 0.95769231 0.99038462 0.98076923 0.94038462 0.95769231
  0.99038462 0.98076923 0.94038462 0.95769231 0.99038462 0.98076923
  0.79442308 0.80221154 0.86192308 0.68554038 0.98076923 0.89134615
  0.86192308 0.84634615 0.79442308 0.64979135 0.69815769 0.76171154]
 [0.95       0.96730769 1.         0.99038462 0.95       0.96730769
  1.         0.99038462 0.95       0.96730769 1.         0.99038462
  0.72199038 0.81       0.70516731 0.69255    0.99038462 1.
  0.87057692 0.855      0.89134615 0.81       0.78351923 0.855     ]
 [0.91730769 0.93461538 0.96730769 0.95769231 0.91730769 0.93461538
  0.96730769 0.95769231 0.91730769 0.93461538 0.96730769 0.95769231
  0.77573077 0.87057692 0.75703846 0.60184558 0.95769231 0.96730769
  0.93461538 0.82557692 0.95769231 0.78351923 0.75703846 0.74301923]
 [0.9        0.91730769 0.95       0.94038462 0.9        0.91730769
  0.95       0.94038462 0.9        0.91730769 0.95       0.94038462
  0.84634615 0.95       0.82557692 0.729      0.94038462 0.95
  0.91730769 0.9        0.76171154 0.7695     0.66871731 0.729     ]
 [0.94038462 0.95769231 0.99038462 0.98076923 0.94038462 0.95769231
  0.99038462 0.98076923 0.94038462 0.95769231 0.99038462 0.98076923
  0.64348269 0.64979135 0.69815769 0.55528771 0.79442308 0.80221154
  0.86192308 0.68554038 0.98076923 0.89134615 0.86192308 0.84634615]
 [0.95       0.96730769 1.         0.99038462 0.95       0.96730769
  1.         0.99038462 0.95       0.96730769 1.         0.99038462
  0.58481221 0.6561     0.57118552 0.5609655  0.72199038 0.81
  0.70516731 0.69255    0.99038462 1.         0.87057692 0.855     ]
 [0.91730769 0.93461538 0.96730769 0.95769231 0.91730769 0.93461538
  0.96730769 0.95769231 0.91730769 0.93461538 0.96730769 0.95769231
  0.62834192 0.70516731 0.61320115 0.48749492 0.77573077 0.87057692
  0.75703846 0.60184558 0.95769231 0.96730769 0.93461538 0.82557692]
 [0.9        0.91730769 0.95       0.94038462 0.9        0.91730769
  0.95       0.94038462 0.9        0.91730769 0.95       0.94038462
  0.68554038 0.7695     0.66871731 0.59049    0.84634615 0.95
  0.82557692 0.729      0.94038462 0.95       0.91730769 0.9       ]]