[[0.729     0.81      0.81      0.729     0.648     0.729     0.7695
  0.81      0.5832    0.59049   0.623295  0.729     0.729     0.81
  0.81      0.729     0.81      0.81      0.81      0.81      0.81
  0.729     0.729     0.81     ]
 [0.729     0.9       0.9       0.81      0.81      0.72      0.81
  0.9       0.729     0.5832    0.6561    0.81      0.81      0.9
  0.9       0.81      0.9       0.9       0.9       0.9       0.9
  0.81      0.81      0.9      ]
 [0.729     0.81      0.9       0.81      0.81      0.81      0.72
  0.9       0.729     0.6561    0.5832    0.81      0.81      0.9
  0.9       0.81      0.9       0.9       0.9       0.9       0.9
  0.81      0.81      0.9      ]
 [0.6561    0.729     0.729     0.729     0.729     0.69255   0.6561
  0.648     0.6561    0.5609655 0.531441  0.5832    0.729     0.81
  0.81      0.729     0.81      0.81      0.81      0.81      0.81
  0.729     0.729     0.81     ]
 [0.648     0.9       0.9       0.81      1.        1.        1.
  1.        0.72      0.729     0.7695    0.9       0.81      0.9
  0.9       0.81      1.        1.        1.        1.        0.9
  0.81      0.81      0.9      ]
 [0.6561    0.72      0.9       0.7695    0.9       1.        1.
  1.        0.81      0.648     0.729     0.9       0.81      0.9
  0.9       0.81      1.        1.        1.        1.        0.9
  0.81      0.81      0.9      ]
 [0.69255   0.729     0.72      0.729     0.9       0.9       1.
  1.        0.81      0.729     0.648     0.9       0.81      0.9
  0.9       0.81      1.        1.        1.        1.        0.9
  0.81      0.81      0.9      ]
 [0.729     0.81      0.81      0.648     0.9       0.9       0.9
  1.        0.81      0.69255   0.6561    0.72      0.81      0.9
  0.9       0.81      1.        1.        1.        1.        0.9
  0.81      0.81      0.9      ]
 [0.5832    0.81      0.81      0.729     0.72      0.9       0.9
  0.9       0.9       0.81      0.81      0.9       0.81      0.9
  0.9       0.81      0.9       0.9       0.9       0.9       0.9
  0.81      0.81      0.9      ]
 [0.531441  0.5832    0.729     0.623295  0.6561    0.648     0.81
  0.7695    0.729     0.729     0.729     0.81      0.729     0.81
  0.81      0.729     0.81      0.81      0.81      0.81      0.81
  0.729     0.729     0.81     ]
 [0.5609655 0.59049   0.5832    0.59049   0.69255   0.6561    0.648
  0.729     0.729     0.6561    0.729     0.81      0.729     0.81
  0.81      0.729     0.81      0.81      0.81      0.81      0.81
  0.729     0.729     0.81     ]
 [0.6561    0.729     0.729     0.5832    0.81      0.81      0.81
  0.72      0.81      0.729     0.729     0.9       0.81      0.9
  0.9       0.81      0.9       0.9       0.9       0.9       0.9
  0.81      0.81      0.9      ]
 [0.729     0.81      0.81      0.729     0.81      0.81      0.81
  0.81      0.81      0.729     0.729     0.81      0.729     0.729
  0.729     0.6561    0.648     0.6561    0.69255   0.729     0.5832
  0.531441  0.5609655 0.6561   ]
 [0.81      0.9       0.9       0.81      0.9       0.9       0.9
  0.9       0.9       0.81      0.81      0.9       0.81      0.9
  0.81      0.729     0.9       0.72      0.81      0.81      0.81
  0.5832    0.6561    0.729    ]
 [0.81      0.9       0.9       0.81      0.9       0.9       0.9
  0.9       0.9       0.81      0.81      0.9       0.81      0.9
  0.9       0.729     0.9       0.81      0.72      0.81      0.81
  0.6561    0.5832    0.729    ]
 [0.729     0.81      0.81      0.729     0.81      0.81      0.81
  0.81      0.81      0.729     0.729     0.81      0.729     0.81
  0.81      0.729     0.81      0.7695    0.729     0.648     0.729
  0.623295  0.59049   0.5832   ]
 [0.81      0.9       0.9       0.81      1.        1.        1.
  1.        0.9       0.81      0.81      0.9       0.648     0.81
  0.81      0.729     1.        0.9       0.9       0.9       0.72
  0.6561    0.69255   0.81     ]
 [0.81      0.9       0.9       0.81      1.        1.        1.
  1.        0.9       0.81      0.81      0.9       0.729     0.72
  0.729     0.69255   1.        1.        0.9       0.9       0.9
  0.648     0.729     0.81     ]
 [0.81      0.9       0.9       0.81      1.        1.        1.
  1.        0.9       0.81      0.81      0.9       0.7695    0.9
  0.72      0.6561    1.        1.        1.        0.9       0.9
  0.729     0.648     0.81     ]
 [0.81      0.9       0.9       0.81      1.        1.        1.
  1.        0.9       0.81      0.81      0.9       0.81      0.9
  0.9       0.648     1.        1.        1.        1.        0.9
  0.7695    0.729     0.72     ]
 [0.81      0.9       0.9       0.81      0.9       0.9       0.9
  0.9       0.9       0.81      0.81      0.9       0.5832    0.729
  0.729     0.6561    0.72      0.81      0.81      0.81      0.9
  0.729     0.729     0.81     ]
 [0.729     0.81      0.81      0.729     0.81      0.81      0.81
  0.81      0.81      0.729     0.729     0.81      0.59049   0.5832
  0.59049   0.5609655 0.729     0.648     0.6561    0.69255   0.81
  0.729     0.6561    0.729    ]
 [0.729     0.81      0.81      0.729     0.81      0.81      0.81
  0.81      0.81      0.729     0.729     0.81      0.623295  0.729
  0.5832    0.531441  0.7695    0.81      0.648     0.6561    0.81
  0.729     0.729     0.729    ]
 [0.81      0.9       0.9       0.81      0.9       0.9       0.9
  0.9       0.9       0.81      0.81      0.9       0.729     0.81
  0.81      0.5832    0.9       0.9       0.9       0.72      0.9
  0.81      0.81      0.9      ]]