[[0.99683128 0.99563786 0.99650206 0.99814815 0.99395062 0.99427984
  0.99539095 0.99806584 0.99020576 0.99152263 0.99407407 0.9972428
  0.99794239 0.99765432 0.99757202 0.9972428  0.99847737 0.99847737
  0.99839506 0.9981893  0.99786008 0.99769547 0.99761317 0.99728395]
 [0.99563786 0.99744856 0.99740741 0.99884774 0.99506173 0.99481481
  0.99683128 0.99872428 0.99300412 0.99271605 0.99547325 0.99802469
  0.99823045 0.99794239 0.99790123 0.99757202 0.99880658 0.99880658
  0.99872428 0.99851852 0.9981893  0.99802469 0.99794239 0.99761317]
 [0.99650206 0.99740741 0.99790123 0.99876543 0.99683128 0.99691358
  0.99534979 0.99851852 0.99514403 0.99609053 0.99407407 0.99806584
  0.99843621 0.99814815 0.998107   0.99777778 0.99901235 0.99901235
  0.99893004 0.99872428 0.99839506 0.9981893  0.99814815 0.99781893]
 [0.99814815 0.99884774 0.99876543 0.99794239 0.99831276 0.9982716
  0.99843621 0.99559671 0.998107   0.99728395 0.99526749 0.99432099
  0.99855967 0.99823045 0.9981893  0.99786008 0.99909465 0.99909465
  0.99901235 0.99880658 0.99847737 0.99831276 0.99823045 0.99790123]
 [0.99395062 0.99506173 0.99683128 0.99831276 0.99683128 0.99502058
  0.99633745 0.99806584 0.99374486 0.99390947 0.99633745 0.99794239
  0.99901235 0.99872428 0.99868313 0.99831276 0.99958848 0.99958848
  0.99946502 0.99925926 0.99893004 0.99876543 0.99868313 0.99835391]
 [0.99427984 0.99481481 0.99691358 0.9982716  0.99502058 0.99744856
  0.99736626 0.99876543 0.99481481 0.99436214 0.9973251  0.99872428
  0.99921811 0.99893004 0.99888889 0.99855967 0.99979424 0.99979424
  0.99971193 0.99950617 0.99917695 0.99897119 0.99893004 0.99860082]
 [0.99539095 0.99683128 0.99534979 0.99843621 0.99633745 0.99736626
  0.99790123 0.99876543 0.99662551 0.99604938 0.99506173 0.99868313
  0.99938272 0.99909465 0.9990535  0.99872428 0.99995885 0.99995885
  0.99987654 0.99967078 0.99934156 0.9991358  0.99909465 0.99876543]
 [0.99806584 0.99872428 0.99851852 0.99559671 0.99806584 0.99876543
  0.99876543 0.99794239 0.99831276 0.99884774 0.99790123 0.99580247
  0.99942387 0.9991358  0.99909465 0.99872428 1.         1.
  0.99987654 0.99971193 0.99934156 0.99917695 0.99909465 0.99876543]
 [0.99020576 0.99300412 0.99514403 0.998107   0.99374486 0.99481481
  0.99662551 0.99831276 0.99683128 0.99518519 0.99691358 0.9982716
  0.99786008 0.99757202 0.99753086 0.99716049 0.99843621 0.99843621
  0.99831276 0.99814815 0.99777778 0.99761317 0.99753086 0.99720165]
 [0.99152263 0.99271605 0.99609053 0.99728395 0.99390947 0.99436214
  0.99604938 0.99884774 0.99518519 0.99744856 0.9973251  0.99843621
  0.99806584 0.99777778 0.99773663 0.99740741 0.99864198 0.99864198
  0.99855967 0.99835391 0.99802469 0.99781893 0.99777778 0.99744856]
 [0.99407407 0.99547325 0.99407407 0.99526749 0.99633745 0.9973251
  0.99506173 0.99790123 0.99691358 0.9973251  0.99790123 0.99872428
  0.99835391 0.99806584 0.99802469 0.99765432 0.99893004 0.99893004
  0.99880658 0.99860082 0.9982716  0.998107   0.99802469 0.99769547]
 [0.9972428  0.99802469 0.99806584 0.99432099 0.99794239 0.99872428
  0.99868313 0.99580247 0.9982716  0.99843621 0.99872428 0.99794239
  0.99860082 0.99831276 0.9982716  0.99794239 0.99917695 0.99917695
  0.99909465 0.99888889 0.99855967 0.99835391 0.99831276 0.99798354]
 [0.99794239 0.99823045 0.99843621 0.99855967 0.99901235 0.99921811
  0.99938272 0.99942387 0.99786008 0.99806584 0.99835391 0.99860082
  0.99868313 0.99884774 0.99909465 0.99893004 0.99716049 0.99868313
  0.9990535  0.99814815 0.99613169 0.99650206 0.99823045 0.99893004]
 [0.99765432 0.99794239 0.99814815 0.99823045 0.99872428 0.99893004
  0.99909465 0.9991358  0.99757202 0.99777778 0.99806584 0.99831276
  0.99884774 0.99868313 0.99711934 0.9962963  0.99925926 0.9963786
  0.99703704 0.99641975 0.99876543 0.99555556 0.99633745 0.99559671]
 [0.99757202 0.99790123 0.998107   0.9981893  0.99868313 0.99888889
  0.9990535  0.99909465 0.99753086 0.99773663 0.99802469 0.9982716
  0.99909465 0.99711934 0.99843621 0.9944856  0.99930041 0.99716049
  0.99625514 0.99539095 0.99851852 0.99559671 0.99506173 0.99563786]
 [0.9972428  0.99757202 0.99777778 0.99786008 0.99831276 0.99855967
  0.99872428 0.99872428 0.99716049 0.99740741 0.99765432 0.99794239
  0.99893004 0.9962963  0.9944856  0.99790123 0.99884774 0.99641975
  0.9945679  0.99530864 0.99814815 0.99386831 0.99       0.99518519]
 [0.99847737 0.99880658 0.99901235 0.99909465 0.99958848 0.99979424
  0.99995885 1.         0.99843621 0.99864198 0.99893004 0.99917695
  0.99716049 0.99925926 0.99930041 0.99884774 0.99868313 0.99942387
  0.99921811 0.99864198 0.99699588 0.99876543 0.99917695 0.99901235]
 [0.99847737 0.99880658 0.99901235 0.99909465 0.99958848 0.99979424
  0.99995885 1.         0.99843621 0.99864198 0.99893004 0.99917695
  0.99868313 0.9963786  0.99716049 0.99641975 0.99942387 0.99868313
  0.99753086 0.99736626 0.99893004 0.99650206 0.99736626 0.99691358]
 [0.99839506 0.99872428 0.99893004 0.99901235 0.99946502 0.99971193
  0.99987654 0.99987654 0.99831276 0.99855967 0.99880658 0.99909465
  0.9990535  0.99703704 0.99625514 0.9945679  0.99921811 0.99753086
  0.99843621 0.99502058 0.99893004 0.99728395 0.99633745 0.99522634]
 [0.9981893  0.99851852 0.99872428 0.99880658 0.99925926 0.99950617
  0.99967078 0.99971193 0.99814815 0.99835391 0.99860082 0.99888889
  0.99814815 0.99641975 0.99539095 0.99530864 0.99864198 0.99736626
  0.99502058 0.99790123 0.99831276 0.99584362 0.99283951 0.9954321 ]
 [0.99786008 0.9981893  0.99839506 0.99847737 0.99893004 0.99917695
  0.99934156 0.99934156 0.99777778 0.99802469 0.9982716  0.99855967
  0.99613169 0.99876543 0.99851852 0.99814815 0.99699588 0.99893004
  0.99893004 0.99831276 0.99868313 0.9991358  0.9990535  0.99769547]
 [0.99769547 0.99802469 0.9981893  0.99831276 0.99876543 0.99897119
  0.9991358  0.99917695 0.99761317 0.99781893 0.998107   0.99835391
  0.99650206 0.99555556 0.99559671 0.99386831 0.99876543 0.99650206
  0.99728395 0.99584362 0.9991358  0.99868313 0.99769547 0.99399177]
 [0.99761317 0.99794239 0.99814815 0.99823045 0.99868313 0.99893004
  0.99909465 0.99909465 0.99753086 0.99777778 0.99802469 0.99831276
  0.99823045 0.99633745 0.99506173 0.99       0.99917695 0.99736626
  0.99633745 0.99283951 0.9990535  0.99769547 0.99843621 0.99399177]
 [0.99728395 0.99761317 0.99781893 0.99790123 0.99835391 0.99860082
  0.99876543 0.99876543 0.99720165 0.99744856 0.99769547 0.99798354
  0.99893004 0.99559671 0.99563786 0.99518519 0.99901235 0.99691358
  0.99522634 0.9954321  0.99769547 0.99399177 0.99399177 0.99790123]]