[[0.72171    0.80330192 0.80595    0.72465404 0.64152    0.72297173
  0.7656525  0.80517115 0.577368   0.5856071  0.62017853 0.72465404
  0.72465404 0.80595    0.80330192 0.72171    0.80517115 0.80595
  0.80330192 0.8019     0.80517115 0.725355   0.72297173 0.8019    ]
 [0.72297173 0.89411538 0.89705769 0.80657308 0.80330192 0.71529231
  0.80735192 0.89619231 0.72297173 0.57938677 0.65395506 0.80657308
  0.80657308 0.89705769 0.89411538 0.80330192 0.89619231 0.89705769
  0.89411538 0.89255769 0.89619231 0.80735192 0.80470385 0.89255769]
 [0.725355   0.80735192 0.9        0.80922115 0.80595    0.80735192
  0.72       0.89913462 0.725355   0.65395506 0.5832     0.80922115
  0.80922115 0.9        0.89705769 0.80595    0.89913462 0.9
  0.89705769 0.8955     0.89913462 0.81       0.80735192 0.8955    ]
 [0.65218863 0.72591577 0.72829904 0.72759808 0.72465404 0.68961998
  0.65546913 0.64675385 0.65218863 0.55859218 0.53093    0.58207846
  0.72759808 0.80922115 0.80657308 0.72465404 0.80844231 0.80922115
  0.80657308 0.80517115 0.80844231 0.72829904 0.72591577 0.80517115]
 [0.64152    0.89255769 0.8955     0.80517115 0.99       0.99173077
  0.995      0.99403846 0.7128     0.72297173 0.7656525  0.89463462
  0.80517115 0.8955     0.89255769 0.8019     0.99403846 0.995
  0.99173077 0.99       0.89463462 0.80595    0.80330192 0.891     ]
 [0.65067456 0.71529231 0.89705769 0.76624442 0.89255769 0.99346154
  0.99673077 0.99576923 0.80330192 0.64376308 0.72661673 0.89619231
  0.80657308 0.89705769 0.89411538 0.80330192 0.99576923 0.99673077
  0.99346154 0.99173077 0.89619231 0.80735192 0.80470385 0.89255769]
 [0.68908725 0.72661673 0.72       0.72829904 0.8955     0.89705769
  1.         0.99903846 0.80595    0.72661673 0.648      0.89913462
  0.80922115 0.9        0.89705769 0.80595    0.99903846 1.
  0.99673077 0.995      0.89913462 0.81       0.80735192 0.8955    ]
 [0.72465404 0.80657308 0.80922115 0.64675385 0.89463462 0.89619231
  0.89913462 0.99807692 0.80517115 0.68961998 0.65546913 0.71861538
  0.80844231 0.89913462 0.89619231 0.80517115 0.99807692 0.99903846
  0.99576923 0.99403846 0.89826923 0.80922115 0.80657308 0.89463462]
 [0.577368   0.80330192 0.80595    0.72465404 0.7128     0.89255769
  0.8955     0.89463462 0.891      0.80330192 0.80595    0.89463462
  0.80517115 0.8955     0.89255769 0.8019     0.89463462 0.8955
  0.89255769 0.891      0.89463462 0.80595    0.80330192 0.891     ]
 [0.52704639 0.57938677 0.72661673 0.62065798 0.65067456 0.64376308
  0.80735192 0.76624442 0.72297173 0.72423346 0.72661673 0.80657308
  0.72591577 0.80735192 0.80470385 0.72297173 0.80657308 0.80735192
  0.80470385 0.80330192 0.80657308 0.72661673 0.72423346 0.80330192]
 [0.55816067 0.58855955 0.5832     0.58992222 0.68908725 0.65395506
  0.648      0.72829904 0.725355   0.65395506 0.729      0.80922115
  0.72829904 0.81       0.80735192 0.725355   0.80922115 0.81
  0.80735192 0.80595    0.80922115 0.729      0.72661673 0.80595   ]
 [0.65218863 0.72591577 0.72829904 0.58207846 0.80517115 0.80657308
  0.80922115 0.71861538 0.80517115 0.72591577 0.72829904 0.89826923
  0.80844231 0.89913462 0.89619231 0.80517115 0.89826923 0.89913462
  0.89619231 0.89463462 0.89826923 0.80922115 0.80657308 0.89463462]
 [0.72465404 0.80657308 0.80922115 0.72759808 0.80517115 0.80657308
  0.80922115 0.80844231 0.80517115 0.72591577 0.72829904 0.80844231
  0.72759808 0.72829904 0.72591577 0.65218863 0.64675385 0.65546913
  0.68961998 0.72465404 0.58207846 0.53093    0.55859218 0.65218863]
 [0.80595    0.89705769 0.9        0.80922115 0.8955     0.89705769
  0.9        0.89913462 0.8955     0.80735192 0.81       0.89913462
  0.80922115 0.9        0.80735192 0.725355   0.89913462 0.72
  0.80735192 0.80595    0.80922115 0.5832     0.65395506 0.725355  ]
 [0.80330192 0.89411538 0.89705769 0.80657308 0.89255769 0.89411538
  0.89705769 0.89619231 0.89255769 0.80470385 0.80735192 0.89619231
  0.80657308 0.89705769 0.89411538 0.72297173 0.89619231 0.80735192
  0.71529231 0.80330192 0.80657308 0.65395506 0.57938677 0.72297173]
 [0.72171    0.80330192 0.80595    0.72465404 0.8019     0.80330192
  0.80595    0.80517115 0.8019     0.72297173 0.725355   0.80517115
  0.72465404 0.80595    0.80330192 0.72171    0.80517115 0.7656525
  0.72297173 0.64152    0.72465404 0.62017853 0.5856071  0.577368  ]
 [0.80517115 0.89619231 0.89913462 0.80844231 0.99403846 0.99576923
  0.99903846 0.99807692 0.89463462 0.80657308 0.80922115 0.89826923
  0.64675385 0.80922115 0.80657308 0.72465404 0.99807692 0.89913462
  0.89619231 0.89463462 0.71861538 0.65546913 0.68961998 0.80517115]
 [0.80595    0.89705769 0.9        0.80922115 0.995      0.99673077
  1.         0.99903846 0.8955     0.80735192 0.81       0.89913462
  0.72829904 0.72       0.72661673 0.68908725 0.99903846 1.
  0.89705769 0.8955     0.89913462 0.648      0.72661673 0.80595   ]
 [0.80330192 0.89411538 0.89705769 0.80657308 0.99173077 0.99346154
  0.99673077 0.99576923 0.89255769 0.80470385 0.80735192 0.89619231
  0.76624442 0.89705769 0.71529231 0.65067456 0.99576923 0.99673077
  0.99346154 0.89255769 0.89619231 0.72661673 0.64376308 0.80330192]
 [0.8019     0.89255769 0.8955     0.80517115 0.99       0.99173077
  0.995      0.99403846 0.891      0.80330192 0.80595    0.89463462
  0.80517115 0.8955     0.89255769 0.64152    0.99403846 0.995
  0.99173077 0.99       0.89463462 0.7656525  0.72297173 0.7128    ]
 [0.80517115 0.89619231 0.89913462 0.80844231 0.89463462 0.89619231
  0.89913462 0.89826923 0.89463462 0.80657308 0.80922115 0.89826923
  0.58207846 0.72829904 0.72591577 0.65218863 0.71861538 0.80922115
  0.80657308 0.80517115 0.89826923 0.72829904 0.72591577 0.80517115]
 [0.725355   0.80735192 0.81       0.72829904 0.80595    0.80735192
  0.81       0.80922115 0.80595    0.72661673 0.729      0.80922115
  0.58992222 0.5832     0.58855955 0.55816067 0.72829904 0.648
  0.65395506 0.68908725 0.80922115 0.729      0.65395506 0.725355  ]
 [0.72297173 0.80470385 0.80735192 0.72591577 0.80330192 0.80470385
  0.80735192 0.80657308 0.80330192 0.72423346 0.72661673 0.80657308
  0.62065798 0.72661673 0.57938677 0.52704639 0.76624442 0.80735192
  0.64376308 0.65067456 0.80657308 0.72661673 0.72423346 0.72297173]
 [0.8019     0.89255769 0.8955     0.80517115 0.891      0.89255769
  0.8955     0.89463462 0.891      0.80330192 0.80595    0.89463462
  0.72465404 0.80595    0.80330192 0.577368   0.89463462 0.8955
  0.89255769 0.7128     0.89463462 0.80595    0.80330192 0.891     ]]