[[0.99       0.99173077 0.995      0.99403846 0.99       0.99173077
  0.995      0.99403846 0.99       0.99173077 0.995      0.99403846
  0.99403846 0.995      0.99173077 0.99       0.99403846 0.995
  0.99173077 0.99       0.99403846 0.995      0.99173077 0.99      ]
 [0.99173077 0.99346154 0.99673077 0.99576923 0.99173077 0.99346154
  0.99673077 0.99576923 0.99173077 0.99346154 0.99673077 0.99576923
  0.99576923 0.99673077 0.99346154 0.99173077 0.99576923 0.99673077
  0.99346154 0.99173077 0.99576923 0.99673077 0.99346154 0.99173077]
 [0.995      0.99673077 1.         0.99903846 0.995      0.99673077
  1.         0.99903846 0.995      0.99673077 1.         0.99903846
  0.99903846 1.         0.99673077 0.995      0.99903846 1.
  0.99673077 0.995      0.99903846 1.         0.99673077 0.995     ]
 [0.99403846 0.99576923 0.99903846 0.99807692 0.99403846 0.99576923
  0.99903846 0.99807692 0.99403846 0.99576923 0.99903846 0.99807692
  0.99807692 0.99903846 0.99576923 0.99403846 0.99807692 0.99903846
  0.99576923 0.99403846 0.99807692 0.99903846 0.99576923 0.99403846]
 [0.99       0.99173077 0.995      0.99403846 0.99       0.99173077
  0.995      0.99403846 0.99       0.99173077 0.995      0.99403846
  0.99403846 0.995      0.99173077 0.99       0.99403846 0.995
  0.99173077 0.99       0.99403846 0.995      0.99173077 0.99      ]
 [0.99173077 0.99346154 0.99673077 0.99576923 0.99173077 0.99346154
  0.99673077 0.99576923 0.99173077 0.99346154 0.99673077 0.99576923
  0.99576923 0.99673077 0.99346154 0.99173077 0.99576923 0.99673077
  0.99346154 0.99173077 0.99576923 0.99673077 0.99346154 0.99173077]
 [0.995      0.99673077 1.         0.99903846 0.995      0.99673077
  1.         0.99903846 0.995      0.99673077 1.         0.99903846
  0.99903846 1.         0.99673077 0.995      0.99903846 1.
  0.99673077 0.995      0.99903846 1.         0.99673077 0.995     ]
 [0.99403846 0.99576923 0.99903846 0.99807692 0.99403846 0.99576923
  0.99903846 0.99807692 0.99403846 0.99576923 0.99903846 0.99807692
  0.99807692 0.99903846 0.99576923 0.99403846 0.99807692 0.99903846
  0.99576923 0.99403846 0.99807692 0.99903846 0.99576923 0.99403846]
 [0.99       0.99173077 0.995      0.99403846 0.99       0.99173077
  0.995      0.99403846 0.99       0.99173077 0.995      0.99403846
  0.99403846 0.995      0.99173077 0.99       0.99403846 0.995
  0.99173077 0.99       0.99403846 0.995      0.99173077 0.99      ]
 [0.99173077 0.99346154 0.99673077 0.99576923 0.99173077 0.99346154
  0.99673077 0.99576923 0.99173077 0.99346154 0.99673077 0.99576923
  0.99576923 0.99673077 0.99346154 0.99173077 0.99576923 0.99673077
  0.99346154 0.99173077 0.99576923 0.99673077 0.99346154 0.99173077]
 [0.995      0.99673077 1.         0.99903846 0.995      0.99673077
  1.         0.99903846 0.995      0.99673077 1.         0.99903846
  0.99903846 1.         0.99673077 0.995      0.99903846 1.
  0.99673077 0.995      0.99903846 1.         0.99673077 0.995     ]
 [0.99403846 0.99576923 0.99903846 0.99807692 0.99403846 0.99576923
  0.99903846 0.99807692 0.99403846 0.99576923 0.99903846 0.99807692
  0.99807692 0.99903846 0.99576923 0.99403846 0.99807692 0.99903846
  0.99576923 0.99403846 0.99807692 0.99903846 0.99576923 0.99403846]
 [0.99403846 0.99576923 0.99903846 0.99807692 0.99403846 0.99576923
  0.99903846 0.99807692 0.99403846 0.99576923 0.99903846 0.99807692
  0.99807692 0.99903846 0.99576923 0.99403846 0.99807692 0.99903846
  0.99576923 0.99403846 0.99807692 0.99903846 0.99576923 0.99403846]
 [0.995      0.99673077 1.         0.99903846 0.995      0.99673077
  1.         0.99903846 0.995      0.99673077 1.         0.99903846
  0.99903846 1.         0.99673077 0.995      0.99903846 1.
  0.99673077 0.995      0.99903846 1.         0.99673077 0.995     ]
 [0.99173077 0.99346154 0.99673077 0.99576923 0.99173077 0.99346154
  0.99673077 0.99576923 0.99173077 0.99346154 0.99673077 0.99576923
  0.99576923 0.99673077 0.99346154 0.99173077 0.99576923 0.99673077
  0.99346154 0.99173077 0.99576923 0.99673077 0.99346154 0.99173077]
 [0.99       0.99173077 0.995      0.99403846 0.99       0.99173077
  0.995      0.99403846 0.99       0.99173077 0.995      0.99403846
  0.99403846 0.995      0.99173077 0.99       0.99403846 0.995
  0.99173077 0.99       0.99403846 0.995      0.99173077 0.99      ]
 [0.99403846 0.99576923 0.99903846 0.99807692 0.99403846 0.99576923
  0.99903846 0.99807692 0.99403846 0.99576923 0.99903846 0.99807692
  0.99807692 0.99903846 0.99576923 0.99403846 0.99807692 0.99903846
  0.99576923 0.99403846 0.99807692 0.99903846 0.99576923 0.99403846]
 [0.995      0.99673077 1.         0.99903846 0.995      0.99673077
  1.         0.99903846 0.995      0.99673077 1.         0.99903846
  0.99903846 1.         0.99673077 0.995      0.99903846 1.
  0.99673077 0.995      0.99903846 1.         0.99673077 0.995     ]
 [0.99173077 0.99346154 0.99673077 0.99576923 0.99173077 0.99346154
  0.99673077 0.99576923 0.99173077 0.99346154 0.99673077 0.99576923
  0.99576923 0.99673077 0.99346154 0.99173077 0.99576923 0.99673077
  0.99346154 0.99173077 0.99576923 0.99673077 0.99346154 0.99173077]
 [0.99       0.99173077 0.995      0.99403846 0.99       0.99173077
  0.995      0.99403846 0.99       0.99173077 0.995      0.99403846
  0.99403846 0.995      0.99173077 0.99       0.99403846 0.995
  0.99173077 0.99       0.99403846 0.995      0.99173077 0.99      ]
 [0.99403846 0.99576923 0.99903846 0.99807692 0.99403846 0.99576923
  0.99903846 0.99807692 0.99403846 0.99576923 0.99903846 0.99807692
  0.99807692 0.99903846 0.99576923 0.99403846 0.99807692 0.99903846
  0.99576923 0.99403846 0.99807692 0.99903846 0.99576923 0.99403846]
 [0.995      0.99673077 1.         0.99903846 0.995      0.99673077
  1.         0.99903846 0.995      0.99673077 1.         0.99903846
  0.99903846 1.         0.99673077 0.995      0.99903846 1.
  0.99673077 0.995      0.99903846 1.         0.99673077 0.995     ]
 [0.99173077 0.99346154 0.99673077 0.99576923 0.99173077 0.99346154
  0.99673077 0.99576923 0.99173077 0.99346154 0.99673077 0.99576923
  0.99576923 0.99673077 0.99346154 0.99173077 0.99576923 0.99673077
  0.99346154 0.99173077 0.99576923 0.99673077 0.99346154 0.99173077]
 [0.99       0.99173077 0.995      0.99403846 0.99       0.99173077
  0.995      0.99403846 0.99       0.99173077 0.995      0.99403846
  0.99403846 0.995      0.99173077 0.99       0.99403846 0.995
  0.99173077 0.99       0.99403846 0.995      0.99173077 0.99      ]]