[[0.93168724 0.9436214  0.93497942 0.91851852 0.96049383 0.95720165
  0.94609053 0.91934156 0.99794239 0.98477366 0.95925926 0.92757202
  0.92057613 0.92345679 0.92427984 0.92757202 0.91522634 0.91522634
  0.91604938 0.918107   0.92139918 0.92304527 0.92386831 0.92716049]
 [0.9436214  0.9255144  0.92592593 0.91152263 0.94938272 0.95185185
  0.93168724 0.9127572  0.96995885 0.97283951 0.94526749 0.91975309
  0.91769547 0.92057613 0.92098765 0.92427984 0.91193416 0.91193416
  0.9127572  0.91481481 0.918107   0.91975309 0.92057613 0.92386831]
 [0.93497942 0.92592593 0.92098765 0.91234568 0.93168724 0.9308642
  0.94650206 0.91481481 0.94855967 0.93909465 0.95925926 0.91934156
  0.91563786 0.91851852 0.91893004 0.92222222 0.90987654 0.90987654
  0.91069959 0.9127572  0.91604938 0.918107   0.91851852 0.9218107 ]
 [0.91851852 0.91152263 0.91234568 0.92057613 0.91687243 0.91728395
  0.91563786 0.94403292 0.91893004 0.92716049 0.9473251  0.95679012
  0.91440329 0.91769547 0.918107   0.92139918 0.9090535  0.9090535
  0.90987654 0.91193416 0.91522634 0.91687243 0.91769547 0.92098765]
 [0.96049383 0.94938272 0.93168724 0.91687243 0.93168724 0.94979424
  0.93662551 0.91934156 0.96255144 0.96090535 0.93662551 0.92057613
  0.90987654 0.9127572  0.91316872 0.91687243 0.90411523 0.90411523
  0.90534979 0.90740741 0.91069959 0.91234568 0.91316872 0.91646091]
 [0.95720165 0.95185185 0.9308642  0.91728395 0.94979424 0.9255144
  0.92633745 0.91234568 0.95185185 0.9563786  0.92674897 0.9127572
  0.90781893 0.91069959 0.91111111 0.91440329 0.90205761 0.90205761
  0.90288066 0.90493827 0.90823045 0.91028807 0.91069959 0.91399177]
 [0.94609053 0.93168724 0.94650206 0.91563786 0.93662551 0.92633745
  0.92098765 0.91234568 0.93374486 0.93950617 0.94938272 0.91316872
  0.90617284 0.9090535  0.90946502 0.9127572  0.90041152 0.90041152
  0.90123457 0.90329218 0.90658436 0.90864198 0.9090535  0.91234568]
 [0.91934156 0.9127572  0.91481481 0.94403292 0.91934156 0.91234568
  0.91234568 0.92057613 0.91687243 0.91152263 0.92098765 0.94197531
  0.90576132 0.90864198 0.9090535  0.9127572  0.9        0.9
  0.90123457 0.90288066 0.90658436 0.90823045 0.9090535  0.91234568]
 [0.99794239 0.96995885 0.94855967 0.91893004 0.96255144 0.95185185
  0.93374486 0.91687243 0.93168724 0.94814815 0.9308642  0.91728395
  0.92139918 0.92427984 0.92469136 0.92839506 0.91563786 0.91563786
  0.91687243 0.91851852 0.92222222 0.92386831 0.92469136 0.92798354]
 [0.98477366 0.97283951 0.93909465 0.92716049 0.96090535 0.9563786
  0.93950617 0.91152263 0.94814815 0.9255144  0.92674897 0.91563786
  0.91934156 0.92222222 0.92263374 0.92592593 0.91358025 0.91358025
  0.91440329 0.91646091 0.91975309 0.9218107  0.92222222 0.9255144 ]
 [0.95925926 0.94526749 0.95925926 0.9473251  0.93662551 0.92674897
  0.94938272 0.92098765 0.9308642  0.92674897 0.92098765 0.9127572
  0.91646091 0.91934156 0.91975309 0.92345679 0.91069959 0.91069959
  0.91193416 0.91399177 0.91728395 0.91893004 0.91975309 0.92304527]
 [0.92757202 0.91975309 0.91934156 0.95679012 0.92057613 0.9127572
  0.91316872 0.94197531 0.91728395 0.91563786 0.9127572  0.92057613
  0.91399177 0.91687243 0.91728395 0.92057613 0.90823045 0.90823045
  0.9090535  0.91111111 0.91440329 0.91646091 0.91687243 0.92016461]
 [0.92057613 0.91769547 0.91563786 0.91440329 0.90987654 0.90781893
  0.90617284 0.90576132 0.92139918 0.91934156 0.91646091 0.91399177
  0.91316872 0.91152263 0.9090535  0.91069959 0.92839506 0.91316872
  0.90946502 0.91851852 0.93868313 0.93497942 0.91769547 0.91069959]
 [0.92345679 0.92057613 0.91851852 0.91769547 0.9127572  0.91069959
  0.9090535  0.90864198 0.92427984 0.92222222 0.91934156 0.91687243
  0.91152263 0.91316872 0.92880658 0.93703704 0.90740741 0.93621399
  0.92962963 0.93580247 0.91234568 0.94444444 0.93662551 0.94403292]
 [0.92427984 0.92098765 0.91893004 0.918107   0.91316872 0.91111111
  0.90946502 0.9090535  0.92469136 0.92263374 0.91975309 0.91728395
  0.9090535  0.92880658 0.91563786 0.95514403 0.90699588 0.92839506
  0.93744856 0.94609053 0.91481481 0.94403292 0.94938272 0.9436214 ]
 [0.92757202 0.92427984 0.92222222 0.92139918 0.91687243 0.91440329
  0.9127572  0.9127572  0.92839506 0.92592593 0.92345679 0.92057613
  0.91069959 0.93703704 0.95514403 0.92098765 0.91152263 0.93580247
  0.95432099 0.94691358 0.91851852 0.96131687 1.         0.94814815]
 [0.91522634 0.91193416 0.90987654 0.9090535  0.90411523 0.90205761
  0.90041152 0.9        0.91563786 0.91358025 0.91069959 0.90823045
  0.92839506 0.90740741 0.90699588 0.91152263 0.91316872 0.90576132
  0.90781893 0.91358025 0.93004115 0.91234568 0.90823045 0.90987654]
 [0.91522634 0.91193416 0.90987654 0.9090535  0.90411523 0.90205761
  0.90041152 0.9        0.91563786 0.91358025 0.91069959 0.90823045
  0.91316872 0.93621399 0.92839506 0.93580247 0.90576132 0.91316872
  0.92469136 0.92633745 0.91069959 0.93497942 0.92633745 0.9308642 ]
 [0.91604938 0.9127572  0.91069959 0.90987654 0.90534979 0.90288066
  0.90123457 0.90123457 0.91687243 0.91440329 0.91193416 0.9090535
  0.90946502 0.92962963 0.93744856 0.95432099 0.90781893 0.92469136
  0.91563786 0.94979424 0.91069959 0.92716049 0.93662551 0.94773663]
 [0.918107   0.91481481 0.9127572  0.91193416 0.90740741 0.90493827
  0.90329218 0.90288066 0.91851852 0.91646091 0.91399177 0.91111111
  0.91851852 0.93580247 0.94609053 0.94691358 0.91358025 0.92633745
  0.94979424 0.92098765 0.91687243 0.94156379 0.97160494 0.94567901]
 [0.92139918 0.918107   0.91604938 0.91522634 0.91069959 0.90823045
  0.90658436 0.90658436 0.92222222 0.91975309 0.91728395 0.91440329
  0.93868313 0.91234568 0.91481481 0.91851852 0.93004115 0.91069959
  0.91069959 0.91687243 0.91316872 0.90864198 0.90946502 0.92304527]
 [0.92304527 0.91975309 0.918107   0.91687243 0.91234568 0.91028807
  0.90864198 0.90823045 0.92386831 0.9218107  0.91893004 0.91646091
  0.93497942 0.94444444 0.94403292 0.96131687 0.91234568 0.93497942
  0.92716049 0.94156379 0.90864198 0.91316872 0.92304527 0.9600823 ]
 [0.92386831 0.92057613 0.91851852 0.91769547 0.91316872 0.91069959
  0.9090535  0.9090535  0.92469136 0.92222222 0.91975309 0.91687243
  0.91769547 0.93662551 0.94938272 1.         0.90823045 0.92633745
  0.93662551 0.97160494 0.90946502 0.92304527 0.91563786 0.9600823 ]
 [0.92716049 0.92386831 0.9218107  0.92098765 0.91646091 0.91399177
  0.91234568 0.91234568 0.92798354 0.9255144  0.92304527 0.92016461
  0.91069959 0.94403292 0.9436214  0.94814815 0.90987654 0.9308642
  0.94773663 0.94567901 0.92304527 0.9600823  0.9600823  0.92098765]]